name: mined
channels:
  - conda-forge
  - defaults
dependencies:
  - beautifulsoup4=4.10.0=pyha770c72_0
  - brotlipy=0.7.0=py38h294d835_1001
  - ca-certificates=2021.10.8=h5b45459_0
  - certifi=2021.10.8=py38haa244fe_0
  - cffi=1.14.6=py38hd8c33c5_1
  - cryptography=3.4.8=py38hd7da0ea_0
  - html5lib=1.1=pyh9f0ad1d_0
  - idna=3.1=pyhd3deb0d_0
  - intel-openmp=2021.3.0=h57928b3_3372
  - libblas=3.9.0=11_win64_mkl
  - libcblas=3.9.0=11_win64_mkl
  - libiconv=1.16=he774522_0
  - liblapack=3.9.0=11_win64_mkl
  - libxml2=2.9.12=hf5bbc77_0
  - libxslt=1.1.33=h65864e5_2
  - libzlib=1.2.11=h8ffe710_1013
  - lxml=4.6.3=py38h292cb97_0
  - mkl=2021.3.0=hb70f87d_564
  - numpy=1.21.2=py38h089cfbf_0
  - openssl=1.1.1l=h8ffe710_0
  - pandas=1.3.3=py38h5d928e2_0
  - pip=21.3=pyhd8ed1ab_0
  - pycparser=2.20=pyh9f0ad1d_2
  - pyopenssl=21.0.0=pyhd8ed1ab_0
  - pysocks=1.7.1=py38haa244fe_3
  - python=3.8.0=hc9e8b01_5
  - python-dateutil=2.8.2=pyhd8ed1ab_0
  - python_abi=3.8=2_cp38
  - pytz=2021.1=pyhd8ed1ab_0
  - selenium=3.141.0=py38h294d835_1002
  - setuptools=58.2.0=py38haa244fe_0
  - six=1.16.0=pyh6c4a22f_0
  - soupsieve=2.2.1=pyhd3eb1b0_0
  - sqlite=3.36.0=h8ffe710_2
  - tbb=2021.3.0=h2d74725_0
  - ucrt=10.0.20348.0=h57928b3_0
  - urllib3=1.26.6=pyhd8ed1ab_0
  - vc=14.2=hb210afc_5
  - vs2015_runtime=14.29.30037=h902a5da_5
  - webencodings=0.5.1=py_1
  - wheel=0.37.0=pyhd8ed1ab_1
  - win_inet_pton=1.1.0=py38haa244fe_2
  - zlib=1.2.11=h8ffe710_1013
  - pip:
    - bs4==0.0.1
prefix: C:\Users\caco\Anaconda3\envs\mined
